0 to 5000
513887985315191
1559150084296672
1524350777828353
452394821545545
413012142144417
456563601111617
169726583204615
242951295896013
283784898377641
301060266668794
157442907684780
1582583742006482
1566813316894633
1388767271390326
763308327122468
567181843392440
1475330956068684
390985771111478

5000 to 10000
414884131903461
957905814237157
862412433787218
1561510624097150
1492430587677774
895125960577261
1560135904275794
537391879697702
408843915934004

10000 to 15000
1425960770983445
462118053922088
733551433374477
1420091188204879
302861473253988
748577138531280
337390376356398
294871874023810
255572097926172
157419454274347

15000 to 20000
243028032551546
236394156537681
252884338168510
311141429057287
189610031052013
331794813632114

20000 to 25000
832571190100190
413316038797138
1403790983232440

25000 to 30000
361025544026729
1570407033178862
797570806968320

30000 to 35000
313479428761640
1499564753618666
394981413945652
361020057325673

35000 to 40000
270305906360649

45000 to 50000
278952422284112

50000 to 55000
242702349193186

60000 to 65000
236432866402302

65000 to 70000
739248892765092

85000 to 90000
151877044837371

90000 to 95000
316858468432535

95000 to 100000
212395562144581
146722902056759

125000 to 130000
280148972024692

195000 to 200000
518824771491353

